Matriz resultante:
[[243.46588019 255.49259071 241.5010132  ... 257.15117412 243.55691082
  240.93034885]
 [254.56810978 262.26994428 252.25959753 ... 261.18407409 245.55608704
  253.26786778]
 [243.93857815 251.31121565 241.2638077  ... 247.18477252 240.38494793
  246.10918236]
 ...
 [244.66902569 257.92554708 247.12377579 ... 248.47358259 246.00811241
  241.99272782]
 [245.02593064 253.33993358 238.43876731 ... 251.05530913 244.05052307
  243.1487351 ]
 [246.82114574 250.81760645 241.81942404 ... 254.6261883  249.14605947
  243.73900946]]
